   1,    1,    2,   35,   34, 1090, 1091, 1092, 1093
   2,    2,    3,   36,   35, 1094, 1095, 1096, 1091
   3,    3,    4,   37,   36, 1097, 1098, 1099, 1095
   4,    4,    5,   38,   37, 1100, 1101, 1102, 1098
   5,    5,    6,   39,   38, 1103, 1104, 1105, 1101
   6,    6,    7,   40,   39, 1106, 1107, 1108, 1104
   7,    7,    8,   41,   40, 1109, 1110, 1111, 1107
   8,    8,    9,   42,   41, 1112, 1113, 1114, 1110
   9,    9,   10,   43,   42, 1115, 1116, 1117, 1113
  10,   10,   11,   44,   43, 1118, 1119, 1120, 1116
  11,   11,   12,   45,   44, 1121, 1122, 1123, 1119
  12,   12,   13,   46,   45, 1124, 1125, 1126, 1122
  13,   13,   14,   47,   46, 1127, 1128, 1129, 1125
  14,   14,   15,   48,   47, 1130, 1131, 1132, 1128
  15,   15,   16,   49,   48, 1133, 1134, 1135, 1131
  16,   16,   17,   50,   49, 1136, 1137, 1138, 1134
  17,   17,   18,   51,   50, 1139, 1140, 1141, 1137
  18,   18,   19,   52,   51, 1142, 1143, 1144, 1140
  19,   19,   20,   53,   52, 1145, 1146, 1147, 1143
  20,   20,   21,   54,   53, 1148, 1149, 1150, 1146
  21,   21,   22,   55,   54, 1151, 1152, 1153, 1149
  22,   22,   23,   56,   55, 1154, 1155, 1156, 1152
  23,   23,   24,   57,   56, 1157, 1158, 1159, 1155
  24,   24,   25,   58,   57, 1160, 1161, 1162, 1158
  25,   25,   26,   59,   58, 1163, 1164, 1165, 1161
  26,   26,   27,   60,   59, 1166, 1167, 1168, 1164
  27,   27,   28,   61,   60, 1169, 1170, 1171, 1167
  28,   28,   29,   62,   61, 1172, 1173, 1174, 1170
  29,   29,   30,   63,   62, 1175, 1176, 1177, 1173
  30,   30,   31,   64,   63, 1178, 1179, 1180, 1176
  31,   31,   32,   65,   64, 1181, 1182, 1183, 1179
  32,   32,   33,   66,   65, 1184, 1185, 1186, 1182
  33,   34,   35,   68,   67, 1092, 1187, 1188, 1189
  34,   35,   36,   69,   68, 1096, 1190, 1191, 1187
  35,   36,   37,   70,   69, 1099, 1192, 1193, 1190
  36,   37,   38,   71,   70, 1102, 1194, 1195, 1192
  37,   38,   39,   72,   71, 1105, 1196, 1197, 1194
  38,   39,   40,   73,   72, 1108, 1198, 1199, 1196
  39,   40,   41,   74,   73, 1111, 1200, 1201, 1198
  40,   41,   42,   75,   74, 1114, 1202, 1203, 1200
  41,   42,   43,   76,   75, 1117, 1204, 1205, 1202
  42,   43,   44,   77,   76, 1120, 1206, 1207, 1204
  43,   44,   45,   78,   77, 1123, 1208, 1209, 1206
  44,   45,   46,   79,   78, 1126, 1210, 1211, 1208
  45,   46,   47,   80,   79, 1129, 1212, 1213, 1210
  46,   47,   48,   81,   80, 1132, 1214, 1215, 1212
  47,   48,   49,   82,   81, 1135, 1216, 1217, 1214
  48,   49,   50,   83,   82, 1138, 1218, 1219, 1216
  49,   50,   51,   84,   83, 1141, 1220, 1221, 1218
  50,   51,   52,   85,   84, 1144, 1222, 1223, 1220
  51,   52,   53,   86,   85, 1147, 1224, 1225, 1222
  52,   53,   54,   87,   86, 1150, 1226, 1227, 1224
  53,   54,   55,   88,   87, 1153, 1228, 1229, 1226
  54,   55,   56,   89,   88, 1156, 1230, 1231, 1228
  55,   56,   57,   90,   89, 1159, 1232, 1233, 1230
  56,   57,   58,   91,   90, 1162, 1234, 1235, 1232
  57,   58,   59,   92,   91, 1165, 1236, 1237, 1234
  58,   59,   60,   93,   92, 1168, 1238, 1239, 1236
  59,   60,   61,   94,   93, 1171, 1240, 1241, 1238
  60,   61,   62,   95,   94, 1174, 1242, 1243, 1240
  61,   62,   63,   96,   95, 1177, 1244, 1245, 1242
  62,   63,   64,   97,   96, 1180, 1246, 1247, 1244
  63,   64,   65,   98,   97, 1183, 1248, 1249, 1246
  64,   65,   66,   99,   98, 1186, 1250, 1251, 1248
  65,   67,   68,  101,  100, 1188, 1252, 1253, 1254
  66,   68,   69,  102,  101, 1191, 1255, 1256, 1252
  67,   69,   70,  103,  102, 1193, 1257, 1258, 1255
  68,   70,   71,  104,  103, 1195, 1259, 1260, 1257
  69,   71,   72,  105,  104, 1197, 1261, 1262, 1259
  70,   72,   73,  106,  105, 1199, 1263, 1264, 1261
  71,   73,   74,  107,  106, 1201, 1265, 1266, 1263
  72,   74,   75,  108,  107, 1203, 1267, 1268, 1265
  73,   75,   76,  109,  108, 1205, 1269, 1270, 1267
  74,   76,   77,  110,  109, 1207, 1271, 1272, 1269
  75,   77,   78,  111,  110, 1209, 1273, 1274, 1271
  76,   78,   79,  112,  111, 1211, 1275, 1276, 1273
  77,   79,   80,  113,  112, 1213, 1277, 1278, 1275
  78,   80,   81,  114,  113, 1215, 1279, 1280, 1277
  79,   81,   82,  115,  114, 1217, 1281, 1282, 1279
  80,   82,   83,  116,  115, 1219, 1283, 1284, 1281
  81,   83,   84,  117,  116, 1221, 1285, 1286, 1283
  82,   84,   85,  118,  117, 1223, 1287, 1288, 1285
  83,   85,   86,  119,  118, 1225, 1289, 1290, 1287
  84,   86,   87,  120,  119, 1227, 1291, 1292, 1289
  85,   87,   88,  121,  120, 1229, 1293, 1294, 1291
  86,   88,   89,  122,  121, 1231, 1295, 1296, 1293
  87,   89,   90,  123,  122, 1233, 1297, 1298, 1295
  88,   90,   91,  124,  123, 1235, 1299, 1300, 1297
  89,   91,   92,  125,  124, 1237, 1301, 1302, 1299
  90,   92,   93,  126,  125, 1239, 1303, 1304, 1301
  91,   93,   94,  127,  126, 1241, 1305, 1306, 1303
  92,   94,   95,  128,  127, 1243, 1307, 1308, 1305
  93,   95,   96,  129,  128, 1245, 1309, 1310, 1307
  94,   96,   97,  130,  129, 1247, 1311, 1312, 1309
  95,   97,   98,  131,  130, 1249, 1313, 1314, 1311
  96,   98,   99,  132,  131, 1251, 1315, 1316, 1313
  97,  100,  101,  134,  133, 1253, 1317, 1318, 1319
  98,  101,  102,  135,  134, 1256, 1320, 1321, 1317
  99,  102,  103,  136,  135, 1258, 1322, 1323, 1320
 100,  103,  104,  137,  136, 1260, 1324, 1325, 1322
 101,  104,  105,  138,  137, 1262, 1326, 1327, 1324
 102,  105,  106,  139,  138, 1264, 1328, 1329, 1326
 103,  106,  107,  140,  139, 1266, 1330, 1331, 1328
 104,  107,  108,  141,  140, 1268, 1332, 1333, 1330
 105,  108,  109,  142,  141, 1270, 1334, 1335, 1332
 106,  109,  110,  143,  142, 1272, 1336, 1337, 1334
 107,  110,  111,  144,  143, 1274, 1338, 1339, 1336
 108,  111,  112,  145,  144, 1276, 1340, 1341, 1338
 109,  112,  113,  146,  145, 1278, 1342, 1343, 1340
 110,  113,  114,  147,  146, 1280, 1344, 1345, 1342
 111,  114,  115,  148,  147, 1282, 1346, 1347, 1344
 112,  115,  116,  149,  148, 1284, 1348, 1349, 1346
 113,  116,  117,  150,  149, 1286, 1350, 1351, 1348
 114,  117,  118,  151,  150, 1288, 1352, 1353, 1350
 115,  118,  119,  152,  151, 1290, 1354, 1355, 1352
 116,  119,  120,  153,  152, 1292, 1356, 1357, 1354
 117,  120,  121,  154,  153, 1294, 1358, 1359, 1356
 118,  121,  122,  155,  154, 1296, 1360, 1361, 1358
 119,  122,  123,  156,  155, 1298, 1362, 1363, 1360
 120,  123,  124,  157,  156, 1300, 1364, 1365, 1362
 121,  124,  125,  158,  157, 1302, 1366, 1367, 1364
 122,  125,  126,  159,  158, 1304, 1368, 1369, 1366
 123,  126,  127,  160,  159, 1306, 1370, 1371, 1368
 124,  127,  128,  161,  160, 1308, 1372, 1373, 1370
 125,  128,  129,  162,  161, 1310, 1374, 1375, 1372
 126,  129,  130,  163,  162, 1312, 1376, 1377, 1374
 127,  130,  131,  164,  163, 1314, 1378, 1379, 1376
 128,  131,  132,  165,  164, 1316, 1380, 1381, 1378
 129,  133,  134,  167,  166, 1318, 1382, 1383, 1384
 130,  134,  135,  168,  167, 1321, 1385, 1386, 1382
 131,  135,  136,  169,  168, 1323, 1387, 1388, 1385
 132,  136,  137,  170,  169, 1325, 1389, 1390, 1387
 133,  137,  138,  171,  170, 1327, 1391, 1392, 1389
 134,  138,  139,  172,  171, 1329, 1393, 1394, 1391
 135,  139,  140,  173,  172, 1331, 1395, 1396, 1393
 136,  140,  141,  174,  173, 1333, 1397, 1398, 1395
 137,  141,  142,  175,  174, 1335, 1399, 1400, 1397
 138,  142,  143,  176,  175, 1337, 1401, 1402, 1399
 139,  143,  144,  177,  176, 1339, 1403, 1404, 1401
 140,  144,  145,  178,  177, 1341, 1405, 1406, 1403
 141,  145,  146,  179,  178, 1343, 1407, 1408, 1405
 142,  146,  147,  180,  179, 1345, 1409, 1410, 1407
 143,  147,  148,  181,  180, 1347, 1411, 1412, 1409
 144,  148,  149,  182,  181, 1349, 1413, 1414, 1411
 145,  149,  150,  183,  182, 1351, 1415, 1416, 1413
 146,  150,  151,  184,  183, 1353, 1417, 1418, 1415
 147,  151,  152,  185,  184, 1355, 1419, 1420, 1417
 148,  152,  153,  186,  185, 1357, 1421, 1422, 1419
 149,  153,  154,  187,  186, 1359, 1423, 1424, 1421
 150,  154,  155,  188,  187, 1361, 1425, 1426, 1423
 151,  155,  156,  189,  188, 1363, 1427, 1428, 1425
 152,  156,  157,  190,  189, 1365, 1429, 1430, 1427
 153,  157,  158,  191,  190, 1367, 1431, 1432, 1429
 154,  158,  159,  192,  191, 1369, 1433, 1434, 1431
 155,  159,  160,  193,  192, 1371, 1435, 1436, 1433
 156,  160,  161,  194,  193, 1373, 1437, 1438, 1435
 157,  161,  162,  195,  194, 1375, 1439, 1440, 1437
 158,  162,  163,  196,  195, 1377, 1441, 1442, 1439
 159,  163,  164,  197,  196, 1379, 1443, 1444, 1441
 160,  164,  165,  198,  197, 1381, 1445, 1446, 1443
 161,  166,  167,  200,  199, 1383, 1447, 1448, 1449
 162,  167,  168,  201,  200, 1386, 1450, 1451, 1447
 163,  168,  169,  202,  201, 1388, 1452, 1453, 1450
 164,  169,  170,  203,  202, 1390, 1454, 1455, 1452
 165,  170,  171,  204,  203, 1392, 1456, 1457, 1454
 166,  171,  172,  205,  204, 1394, 1458, 1459, 1456
 167,  172,  173,  206,  205, 1396, 1460, 1461, 1458
 168,  173,  174,  207,  206, 1398, 1462, 1463, 1460
 169,  174,  175,  208,  207, 1400, 1464, 1465, 1462
 170,  175,  176,  209,  208, 1402, 1466, 1467, 1464
 171,  176,  177,  210,  209, 1404, 1468, 1469, 1466
 172,  177,  178,  211,  210, 1406, 1470, 1471, 1468
 173,  178,  179,  212,  211, 1408, 1472, 1473, 1470
 174,  179,  180,  213,  212, 1410, 1474, 1475, 1472
 175,  180,  181,  214,  213, 1412, 1476, 1477, 1474
 176,  181,  182,  215,  214, 1414, 1478, 1479, 1476
 177,  182,  183,  216,  215, 1416, 1480, 1481, 1478
 178,  183,  184,  217,  216, 1418, 1482, 1483, 1480
 179,  184,  185,  218,  217, 1420, 1484, 1485, 1482
 180,  185,  186,  219,  218, 1422, 1486, 1487, 1484
 181,  186,  187,  220,  219, 1424, 1488, 1489, 1486
 182,  187,  188,  221,  220, 1426, 1490, 1491, 1488
 183,  188,  189,  222,  221, 1428, 1492, 1493, 1490
 184,  189,  190,  223,  222, 1430, 1494, 1495, 1492
 185,  190,  191,  224,  223, 1432, 1496, 1497, 1494
 186,  191,  192,  225,  224, 1434, 1498, 1499, 1496
 187,  192,  193,  226,  225, 1436, 1500, 1501, 1498
 188,  193,  194,  227,  226, 1438, 1502, 1503, 1500
 189,  194,  195,  228,  227, 1440, 1504, 1505, 1502
 190,  195,  196,  229,  228, 1442, 1506, 1507, 1504
 191,  196,  197,  230,  229, 1444, 1508, 1509, 1506
 192,  197,  198,  231,  230, 1446, 1510, 1511, 1508
 193,  199,  200,  233,  232, 1448, 1512, 1513, 1514
 194,  200,  201,  234,  233, 1451, 1515, 1516, 1512
 195,  201,  202,  235,  234, 1453, 1517, 1518, 1515
 196,  202,  203,  236,  235, 1455, 1519, 1520, 1517
 197,  203,  204,  237,  236, 1457, 1521, 1522, 1519
 198,  204,  205,  238,  237, 1459, 1523, 1524, 1521
 199,  205,  206,  239,  238, 1461, 1525, 1526, 1523
 200,  206,  207,  240,  239, 1463, 1527, 1528, 1525
 201,  207,  208,  241,  240, 1465, 1529, 1530, 1527
 202,  208,  209,  242,  241, 1467, 1531, 1532, 1529
 203,  209,  210,  243,  242, 1469, 1533, 1534, 1531
 204,  210,  211,  244,  243, 1471, 1535, 1536, 1533
 205,  211,  212,  245,  244, 1473, 1537, 1538, 1535
 206,  212,  213,  246,  245, 1475, 1539, 1540, 1537
 207,  213,  214,  247,  246, 1477, 1541, 1542, 1539
 208,  214,  215,  248,  247, 1479, 1543, 1544, 1541
 209,  215,  216,  249,  248, 1481, 1545, 1546, 1543
 210,  216,  217,  250,  249, 1483, 1547, 1548, 1545
 211,  217,  218,  251,  250, 1485, 1549, 1550, 1547
 212,  218,  219,  252,  251, 1487, 1551, 1552, 1549
 213,  219,  220,  253,  252, 1489, 1553, 1554, 1551
 214,  220,  221,  254,  253, 1491, 1555, 1556, 1553
 215,  221,  222,  255,  254, 1493, 1557, 1558, 1555
 216,  222,  223,  256,  255, 1495, 1559, 1560, 1557
 217,  223,  224,  257,  256, 1497, 1561, 1562, 1559
 218,  224,  225,  258,  257, 1499, 1563, 1564, 1561
 219,  225,  226,  259,  258, 1501, 1565, 1566, 1563
 220,  226,  227,  260,  259, 1503, 1567, 1568, 1565
 221,  227,  228,  261,  260, 1505, 1569, 1570, 1567
 222,  228,  229,  262,  261, 1507, 1571, 1572, 1569
 223,  229,  230,  263,  262, 1509, 1573, 1574, 1571
 224,  230,  231,  264,  263, 1511, 1575, 1576, 1573
 225,  232,  233,  266,  265, 1513, 1577, 1578, 1579
 226,  233,  234,  267,  266, 1516, 1580, 1581, 1577
 227,  234,  235,  268,  267, 1518, 1582, 1583, 1580
 228,  235,  236,  269,  268, 1520, 1584, 1585, 1582
 229,  236,  237,  270,  269, 1522, 1586, 1587, 1584
 230,  237,  238,  271,  270, 1524, 1588, 1589, 1586
 231,  238,  239,  272,  271, 1526, 1590, 1591, 1588
 232,  239,  240,  273,  272, 1528, 1592, 1593, 1590
 233,  240,  241,  274,  273, 1530, 1594, 1595, 1592
 234,  241,  242,  275,  274, 1532, 1596, 1597, 1594
 235,  242,  243,  276,  275, 1534, 1598, 1599, 1596
 236,  243,  244,  277,  276, 1536, 1600, 1601, 1598
 237,  244,  245,  278,  277, 1538, 1602, 1603, 1600
 238,  245,  246,  279,  278, 1540, 1604, 1605, 1602
 239,  246,  247,  280,  279, 1542, 1606, 1607, 1604
 240,  247,  248,  281,  280, 1544, 1608, 1609, 1606
 241,  248,  249,  282,  281, 1546, 1610, 1611, 1608
 242,  249,  250,  283,  282, 1548, 1612, 1613, 1610
 243,  250,  251,  284,  283, 1550, 1614, 1615, 1612
 244,  251,  252,  285,  284, 1552, 1616, 1617, 1614
 245,  252,  253,  286,  285, 1554, 1618, 1619, 1616
 246,  253,  254,  287,  286, 1556, 1620, 1621, 1618
 247,  254,  255,  288,  287, 1558, 1622, 1623, 1620
 248,  255,  256,  289,  288, 1560, 1624, 1625, 1622
 249,  256,  257,  290,  289, 1562, 1626, 1627, 1624
 250,  257,  258,  291,  290, 1564, 1628, 1629, 1626
 251,  258,  259,  292,  291, 1566, 1630, 1631, 1628
 252,  259,  260,  293,  292, 1568, 1632, 1633, 1630
 253,  260,  261,  294,  293, 1570, 1634, 1635, 1632
 254,  261,  262,  295,  294, 1572, 1636, 1637, 1634
 255,  262,  263,  296,  295, 1574, 1638, 1639, 1636
 256,  263,  264,  297,  296, 1576, 1640, 1641, 1638
 257,  265,  266,  299,  298, 1578, 1642, 1643, 1644
 258,  266,  267,  300,  299, 1581, 1645, 1646, 1642
 259,  267,  268,  301,  300, 1583, 1647, 1648, 1645
 260,  268,  269,  302,  301, 1585, 1649, 1650, 1647
 261,  269,  270,  303,  302, 1587, 1651, 1652, 1649
 262,  270,  271,  304,  303, 1589, 1653, 1654, 1651
 263,  271,  272,  305,  304, 1591, 1655, 1656, 1653
 264,  272,  273,  306,  305, 1593, 1657, 1658, 1655
 265,  273,  274,  307,  306, 1595, 1659, 1660, 1657
 266,  274,  275,  308,  307, 1597, 1661, 1662, 1659
 267,  275,  276,  309,  308, 1599, 1663, 1664, 1661
 268,  276,  277,  310,  309, 1601, 1665, 1666, 1663
 269,  277,  278,  311,  310, 1603, 1667, 1668, 1665
 270,  278,  279,  312,  311, 1605, 1669, 1670, 1667
 271,  279,  280,  313,  312, 1607, 1671, 1672, 1669
 272,  280,  281,  314,  313, 1609, 1673, 1674, 1671
 273,  281,  282,  315,  314, 1611, 1675, 1676, 1673
 274,  282,  283,  316,  315, 1613, 1677, 1678, 1675
 275,  283,  284,  317,  316, 1615, 1679, 1680, 1677
 276,  284,  285,  318,  317, 1617, 1681, 1682, 1679
 277,  285,  286,  319,  318, 1619, 1683, 1684, 1681
 278,  286,  287,  320,  319, 1621, 1685, 1686, 1683
 279,  287,  288,  321,  320, 1623, 1687, 1688, 1685
 280,  288,  289,  322,  321, 1625, 1689, 1690, 1687
 281,  289,  290,  323,  322, 1627, 1691, 1692, 1689
 282,  290,  291,  324,  323, 1629, 1693, 1694, 1691
 283,  291,  292,  325,  324, 1631, 1695, 1696, 1693
 284,  292,  293,  326,  325, 1633, 1697, 1698, 1695
 285,  293,  294,  327,  326, 1635, 1699, 1700, 1697
 286,  294,  295,  328,  327, 1637, 1701, 1702, 1699
 287,  295,  296,  329,  328, 1639, 1703, 1704, 1701
 288,  296,  297,  330,  329, 1641, 1705, 1706, 1703
 289,  298,  299,  332,  331, 1643, 1707, 1708, 1709
 290,  299,  300,  333,  332, 1646, 1710, 1711, 1707
 291,  300,  301,  334,  333, 1648, 1712, 1713, 1710
 292,  301,  302,  335,  334, 1650, 1714, 1715, 1712
 293,  302,  303,  336,  335, 1652, 1716, 1717, 1714
 294,  303,  304,  337,  336, 1654, 1718, 1719, 1716
 295,  304,  305,  338,  337, 1656, 1720, 1721, 1718
 296,  305,  306,  339,  338, 1658, 1722, 1723, 1720
 297,  306,  307,  340,  339, 1660, 1724, 1725, 1722
 298,  307,  308,  341,  340, 1662, 1726, 1727, 1724
 299,  308,  309,  342,  341, 1664, 1728, 1729, 1726
 300,  309,  310,  343,  342, 1666, 1730, 1731, 1728
 301,  310,  311,  344,  343, 1668, 1732, 1733, 1730
 302,  311,  312,  345,  344, 1670, 1734, 1735, 1732
 303,  312,  313,  346,  345, 1672, 1736, 1737, 1734
 304,  313,  314,  347,  346, 1674, 1738, 1739, 1736
 305,  314,  315,  348,  347, 1676, 1740, 1741, 1738
 306,  315,  316,  349,  348, 1678, 1742, 1743, 1740
 307,  316,  317,  350,  349, 1680, 1744, 1745, 1742
 308,  317,  318,  351,  350, 1682, 1746, 1747, 1744
 309,  318,  319,  352,  351, 1684, 1748, 1749, 1746
 310,  319,  320,  353,  352, 1686, 1750, 1751, 1748
 311,  320,  321,  354,  353, 1688, 1752, 1753, 1750
 312,  321,  322,  355,  354, 1690, 1754, 1755, 1752
 313,  322,  323,  356,  355, 1692, 1756, 1757, 1754
 314,  323,  324,  357,  356, 1694, 1758, 1759, 1756
 315,  324,  325,  358,  357, 1696, 1760, 1761, 1758
 316,  325,  326,  359,  358, 1698, 1762, 1763, 1760
 317,  326,  327,  360,  359, 1700, 1764, 1765, 1762
 318,  327,  328,  361,  360, 1702, 1766, 1767, 1764
 319,  328,  329,  362,  361, 1704, 1768, 1769, 1766
 320,  329,  330,  363,  362, 1706, 1770, 1771, 1768
 321,  331,  332,  365,  364, 1708, 1772, 1773, 1774
 322,  332,  333,  366,  365, 1711, 1775, 1776, 1772
 323,  333,  334,  367,  366, 1713, 1777, 1778, 1775
 324,  334,  335,  368,  367, 1715, 1779, 1780, 1777
 325,  335,  336,  369,  368, 1717, 1781, 1782, 1779
 326,  336,  337,  370,  369, 1719, 1783, 1784, 1781
 327,  337,  338,  371,  370, 1721, 1785, 1786, 1783
 328,  338,  339,  372,  371, 1723, 1787, 1788, 1785
 329,  339,  340,  373,  372, 1725, 1789, 1790, 1787
 330,  340,  341,  374,  373, 1727, 1791, 1792, 1789
 331,  341,  342,  375,  374, 1729, 1793, 1794, 1791
 332,  342,  343,  376,  375, 1731, 1795, 1796, 1793
 333,  343,  344,  377,  376, 1733, 1797, 1798, 1795
 334,  344,  345,  378,  377, 1735, 1799, 1800, 1797
 335,  345,  346,  379,  378, 1737, 1801, 1802, 1799
 336,  346,  347,  380,  379, 1739, 1803, 1804, 1801
 337,  347,  348,  381,  380, 1741, 1805, 1806, 1803
 338,  348,  349,  382,  381, 1743, 1807, 1808, 1805
 339,  349,  350,  383,  382, 1745, 1809, 1810, 1807
 340,  350,  351,  384,  383, 1747, 1811, 1812, 1809
 341,  351,  352,  385,  384, 1749, 1813, 1814, 1811
 342,  352,  353,  386,  385, 1751, 1815, 1816, 1813
 343,  353,  354,  387,  386, 1753, 1817, 1818, 1815
 344,  354,  355,  388,  387, 1755, 1819, 1820, 1817
 345,  355,  356,  389,  388, 1757, 1821, 1822, 1819
 346,  356,  357,  390,  389, 1759, 1823, 1824, 1821
 347,  357,  358,  391,  390, 1761, 1825, 1826, 1823
 348,  358,  359,  392,  391, 1763, 1827, 1828, 1825
 349,  359,  360,  393,  392, 1765, 1829, 1830, 1827
 350,  360,  361,  394,  393, 1767, 1831, 1832, 1829
 351,  361,  362,  395,  394, 1769, 1833, 1834, 1831
 352,  362,  363,  396,  395, 1771, 1835, 1836, 1833
 353,  364,  365,  398,  397, 1773, 1837, 1838, 1839
 354,  365,  366,  399,  398, 1776, 1840, 1841, 1837
 355,  366,  367,  400,  399, 1778, 1842, 1843, 1840
 356,  367,  368,  401,  400, 1780, 1844, 1845, 1842
 357,  368,  369,  402,  401, 1782, 1846, 1847, 1844
 358,  369,  370,  403,  402, 1784, 1848, 1849, 1846
 359,  370,  371,  404,  403, 1786, 1850, 1851, 1848
 360,  371,  372,  405,  404, 1788, 1852, 1853, 1850
 361,  372,  373,  406,  405, 1790, 1854, 1855, 1852
 362,  373,  374,  407,  406, 1792, 1856, 1857, 1854
 363,  374,  375,  408,  407, 1794, 1858, 1859, 1856
 364,  375,  376,  409,  408, 1796, 1860, 1861, 1858
 365,  376,  377,  410,  409, 1798, 1862, 1863, 1860
 366,  377,  378,  411,  410, 1800, 1864, 1865, 1862
 367,  378,  379,  412,  411, 1802, 1866, 1867, 1864
 368,  379,  380,  413,  412, 1804, 1868, 1869, 1866
 369,  380,  381,  414,  413, 1806, 1870, 1871, 1868
 370,  381,  382,  415,  414, 1808, 1872, 1873, 1870
 371,  382,  383,  416,  415, 1810, 1874, 1875, 1872
 372,  383,  384,  417,  416, 1812, 1876, 1877, 1874
 373,  384,  385,  418,  417, 1814, 1878, 1879, 1876
 374,  385,  386,  419,  418, 1816, 1880, 1881, 1878
 375,  386,  387,  420,  419, 1818, 1882, 1883, 1880
 376,  387,  388,  421,  420, 1820, 1884, 1885, 1882
 377,  388,  389,  422,  421, 1822, 1886, 1887, 1884
 378,  389,  390,  423,  422, 1824, 1888, 1889, 1886
 379,  390,  391,  424,  423, 1826, 1890, 1891, 1888
 380,  391,  392,  425,  424, 1828, 1892, 1893, 1890
 381,  392,  393,  426,  425, 1830, 1894, 1895, 1892
 382,  393,  394,  427,  426, 1832, 1896, 1897, 1894
 383,  394,  395,  428,  427, 1834, 1898, 1899, 1896
 384,  395,  396,  429,  428, 1836, 1900, 1901, 1898
 385,  397,  398,  431,  430, 1838, 1902, 1903, 1904
 386,  398,  399,  432,  431, 1841, 1905, 1906, 1902
 387,  399,  400,  433,  432, 1843, 1907, 1908, 1905
 388,  400,  401,  434,  433, 1845, 1909, 1910, 1907
 389,  401,  402,  435,  434, 1847, 1911, 1912, 1909
 390,  402,  403,  436,  435, 1849, 1913, 1914, 1911
 391,  403,  404,  437,  436, 1851, 1915, 1916, 1913
 392,  404,  405,  438,  437, 1853, 1917, 1918, 1915
 393,  405,  406,  439,  438, 1855, 1919, 1920, 1917
 394,  406,  407,  440,  439, 1857, 1921, 1922, 1919
 395,  407,  408,  441,  440, 1859, 1923, 1924, 1921
 396,  408,  409,  442,  441, 1861, 1925, 1926, 1923
 397,  409,  410,  443,  442, 1863, 1927, 1928, 1925
 398,  410,  411,  444,  443, 1865, 1929, 1930, 1927
 399,  411,  412,  445,  444, 1867, 1931, 1932, 1929
 400,  412,  413,  446,  445, 1869, 1933, 1934, 1931
 401,  413,  414,  447,  446, 1871, 1935, 1936, 1933
 402,  414,  415,  448,  447, 1873, 1937, 1938, 1935
 403,  415,  416,  449,  448, 1875, 1939, 1940, 1937
 404,  416,  417,  450,  449, 1877, 1941, 1942, 1939
 405,  417,  418,  451,  450, 1879, 1943, 1944, 1941
 406,  418,  419,  452,  451, 1881, 1945, 1946, 1943
 407,  419,  420,  453,  452, 1883, 1947, 1948, 1945
 408,  420,  421,  454,  453, 1885, 1949, 1950, 1947
 409,  421,  422,  455,  454, 1887, 1951, 1952, 1949
 410,  422,  423,  456,  455, 1889, 1953, 1954, 1951
 411,  423,  424,  457,  456, 1891, 1955, 1956, 1953
 412,  424,  425,  458,  457, 1893, 1957, 1958, 1955
 413,  425,  426,  459,  458, 1895, 1959, 1960, 1957
 414,  426,  427,  460,  459, 1897, 1961, 1962, 1959
 415,  427,  428,  461,  460, 1899, 1963, 1964, 1961
 416,  428,  429,  462,  461, 1901, 1965, 1966, 1963
 417,  430,  431,  464,  463, 1903, 1967, 1968, 1969
 418,  431,  432,  465,  464, 1906, 1970, 1971, 1967
 419,  432,  433,  466,  465, 1908, 1972, 1973, 1970
 420,  433,  434,  467,  466, 1910, 1974, 1975, 1972
 421,  434,  435,  468,  467, 1912, 1976, 1977, 1974
 422,  435,  436,  469,  468, 1914, 1978, 1979, 1976
 423,  436,  437,  470,  469, 1916, 1980, 1981, 1978
 424,  437,  438,  471,  470, 1918, 1982, 1983, 1980
 425,  438,  439,  472,  471, 1920, 1984, 1985, 1982
 426,  439,  440,  473,  472, 1922, 1986, 1987, 1984
 427,  440,  441,  474,  473, 1924, 1988, 1989, 1986
 428,  441,  442,  475,  474, 1926, 1990, 1991, 1988
 429,  442,  443,  476,  475, 1928, 1992, 1993, 1990
 430,  443,  444,  477,  476, 1930, 1994, 1995, 1992
 431,  444,  445,  478,  477, 1932, 1996, 1997, 1994
 432,  445,  446,  479,  478, 1934, 1998, 1999, 1996
 433,  446,  447,  480,  479, 1936, 2000, 2001, 1998
 434,  447,  448,  481,  480, 1938, 2002, 2003, 2000
 435,  448,  449,  482,  481, 1940, 2004, 2005, 2002
 436,  449,  450,  483,  482, 1942, 2006, 2007, 2004
 437,  450,  451,  484,  483, 1944, 2008, 2009, 2006
 438,  451,  452,  485,  484, 1946, 2010, 2011, 2008
 439,  452,  453,  486,  485, 1948, 2012, 2013, 2010
 440,  453,  454,  487,  486, 1950, 2014, 2015, 2012
 441,  454,  455,  488,  487, 1952, 2016, 2017, 2014
 442,  455,  456,  489,  488, 1954, 2018, 2019, 2016
 443,  456,  457,  490,  489, 1956, 2020, 2021, 2018
 444,  457,  458,  491,  490, 1958, 2022, 2023, 2020
 445,  458,  459,  492,  491, 1960, 2024, 2025, 2022
 446,  459,  460,  493,  492, 1962, 2026, 2027, 2024
 447,  460,  461,  494,  493, 1964, 2028, 2029, 2026
 448,  461,  462,  495,  494, 1966, 2030, 2031, 2028
 449,  463,  464,  497,  496, 1968, 2032, 2033, 2034
 450,  464,  465,  498,  497, 1971, 2035, 2036, 2032
 451,  465,  466,  499,  498, 1973, 2037, 2038, 2035
 452,  466,  467,  500,  499, 1975, 2039, 2040, 2037
 453,  467,  468,  501,  500, 1977, 2041, 2042, 2039
 454,  468,  469,  502,  501, 1979, 2043, 2044, 2041
 455,  469,  470,  503,  502, 1981, 2045, 2046, 2043
 456,  470,  471,  504,  503, 1983, 2047, 2048, 2045
 457,  471,  472,  505,  504, 1985, 2049, 2050, 2047
 458,  472,  473,  506,  505, 1987, 2051, 2052, 2049
 459,  473,  474,  507,  506, 1989, 2053, 2054, 2051
 460,  474,  475,  508,  507, 1991, 2055, 2056, 2053
 461,  475,  476,  509,  508, 1993, 2057, 2058, 2055
 462,  476,  477,  510,  509, 1995, 2059, 2060, 2057
 463,  477,  478,  511,  510, 1997, 2061, 2062, 2059
 464,  478,  479,  512,  511, 1999, 2063, 2064, 2061
 465,  479,  480,  513,  512, 2001, 2065, 2066, 2063
 466,  480,  481,  514,  513, 2003, 2067, 2068, 2065
 467,  481,  482,  515,  514, 2005, 2069, 2070, 2067
 468,  482,  483,  516,  515, 2007, 2071, 2072, 2069
 469,  483,  484,  517,  516, 2009, 2073, 2074, 2071
 470,  484,  485,  518,  517, 2011, 2075, 2076, 2073
 471,  485,  486,  519,  518, 2013, 2077, 2078, 2075
 472,  486,  487,  520,  519, 2015, 2079, 2080, 2077
 473,  487,  488,  521,  520, 2017, 2081, 2082, 2079
 474,  488,  489,  522,  521, 2019, 2083, 2084, 2081
 475,  489,  490,  523,  522, 2021, 2085, 2086, 2083
 476,  490,  491,  524,  523, 2023, 2087, 2088, 2085
 477,  491,  492,  525,  524, 2025, 2089, 2090, 2087
 478,  492,  493,  526,  525, 2027, 2091, 2092, 2089
 479,  493,  494,  527,  526, 2029, 2093, 2094, 2091
 480,  494,  495,  528,  527, 2031, 2095, 2096, 2093
 481,  496,  497,  530,  529, 2033, 2097, 2098, 2099
 482,  497,  498,  531,  530, 2036, 2100, 2101, 2097
 483,  498,  499,  532,  531, 2038, 2102, 2103, 2100
 484,  499,  500,  533,  532, 2040, 2104, 2105, 2102
 485,  500,  501,  534,  533, 2042, 2106, 2107, 2104
 486,  501,  502,  535,  534, 2044, 2108, 2109, 2106
 487,  502,  503,  536,  535, 2046, 2110, 2111, 2108
 488,  503,  504,  537,  536, 2048, 2112, 2113, 2110
 489,  504,  505,  538,  537, 2050, 2114, 2115, 2112
 490,  505,  506,  539,  538, 2052, 2116, 2117, 2114
 491,  506,  507,  540,  539, 2054, 2118, 2119, 2116
 492,  507,  508,  541,  540, 2056, 2120, 2121, 2118
 493,  508,  509,  542,  541, 2058, 2122, 2123, 2120
 494,  509,  510,  543,  542, 2060, 2124, 2125, 2122
 495,  510,  511,  544,  543, 2062, 2126, 2127, 2124
 496,  511,  512,  545,  544, 2064, 2128, 2129, 2126
 497,  512,  513,  546,  545, 2066, 2130, 2131, 2128
 498,  513,  514,  547,  546, 2068, 2132, 2133, 2130
 499,  514,  515,  548,  547, 2070, 2134, 2135, 2132
 500,  515,  516,  549,  548, 2072, 2136, 2137, 2134
 501,  516,  517,  550,  549, 2074, 2138, 2139, 2136
 502,  517,  518,  551,  550, 2076, 2140, 2141, 2138
 503,  518,  519,  552,  551, 2078, 2142, 2143, 2140
 504,  519,  520,  553,  552, 2080, 2144, 2145, 2142
 505,  520,  521,  554,  553, 2082, 2146, 2147, 2144
 506,  521,  522,  555,  554, 2084, 2148, 2149, 2146
 507,  522,  523,  556,  555, 2086, 2150, 2151, 2148
 508,  523,  524,  557,  556, 2088, 2152, 2153, 2150
 509,  524,  525,  558,  557, 2090, 2154, 2155, 2152
 510,  525,  526,  559,  558, 2092, 2156, 2157, 2154
 511,  526,  527,  560,  559, 2094, 2158, 2159, 2156
 512,  527,  528,  561,  560, 2096, 2160, 2161, 2158
 513,  529,  530,  563,  562, 2098, 2162, 2163, 2164
 514,  530,  531,  564,  563, 2101, 2165, 2166, 2162
 515,  531,  532,  565,  564, 2103, 2167, 2168, 2165
 516,  532,  533,  566,  565, 2105, 2169, 2170, 2167
 517,  533,  534,  567,  566, 2107, 2171, 2172, 2169
 518,  534,  535,  568,  567, 2109, 2173, 2174, 2171
 519,  535,  536,  569,  568, 2111, 2175, 2176, 2173
 520,  536,  537,  570,  569, 2113, 2177, 2178, 2175
 521,  537,  538,  571,  570, 2115, 2179, 2180, 2177
 522,  538,  539,  572,  571, 2117, 2181, 2182, 2179
 523,  539,  540,  573,  572, 2119, 2183, 2184, 2181
 524,  540,  541,  574,  573, 2121, 2185, 2186, 2183
 525,  541,  542,  575,  574, 2123, 2187, 2188, 2185
 526,  542,  543,  576,  575, 2125, 2189, 2190, 2187
 527,  543,  544,  577,  576, 2127, 2191, 2192, 2189
 528,  544,  545,  578,  577, 2129, 2193, 2194, 2191
 529,  545,  546,  579,  578, 2131, 2195, 2196, 2193
 530,  546,  547,  580,  579, 2133, 2197, 2198, 2195
 531,  547,  548,  581,  580, 2135, 2199, 2200, 2197
 532,  548,  549,  582,  581, 2137, 2201, 2202, 2199
 533,  549,  550,  583,  582, 2139, 2203, 2204, 2201
 534,  550,  551,  584,  583, 2141, 2205, 2206, 2203
 535,  551,  552,  585,  584, 2143, 2207, 2208, 2205
 536,  552,  553,  586,  585, 2145, 2209, 2210, 2207
 537,  553,  554,  587,  586, 2147, 2211, 2212, 2209
 538,  554,  555,  588,  587, 2149, 2213, 2214, 2211
 539,  555,  556,  589,  588, 2151, 2215, 2216, 2213
 540,  556,  557,  590,  589, 2153, 2217, 2218, 2215
 541,  557,  558,  591,  590, 2155, 2219, 2220, 2217
 542,  558,  559,  592,  591, 2157, 2221, 2222, 2219
 543,  559,  560,  593,  592, 2159, 2223, 2224, 2221
 544,  560,  561,  594,  593, 2161, 2225, 2226, 2223
 545,  562,  563,  596,  595, 2163, 2227, 2228, 2229
 546,  563,  564,  597,  596, 2166, 2230, 2231, 2227
 547,  564,  565,  598,  597, 2168, 2232, 2233, 2230
 548,  565,  566,  599,  598, 2170, 2234, 2235, 2232
 549,  566,  567,  600,  599, 2172, 2236, 2237, 2234
 550,  567,  568,  601,  600, 2174, 2238, 2239, 2236
 551,  568,  569,  602,  601, 2176, 2240, 2241, 2238
 552,  569,  570,  603,  602, 2178, 2242, 2243, 2240
 553,  570,  571,  604,  603, 2180, 2244, 2245, 2242
 554,  571,  572,  605,  604, 2182, 2246, 2247, 2244
 555,  572,  573,  606,  605, 2184, 2248, 2249, 2246
 556,  573,  574,  607,  606, 2186, 2250, 2251, 2248
 557,  574,  575,  608,  607, 2188, 2252, 2253, 2250
 558,  575,  576,  609,  608, 2190, 2254, 2255, 2252
 559,  576,  577,  610,  609, 2192, 2256, 2257, 2254
 560,  577,  578,  611,  610, 2194, 2258, 2259, 2256
 561,  578,  579,  612,  611, 2196, 2260, 2261, 2258
 562,  579,  580,  613,  612, 2198, 2262, 2263, 2260
 563,  580,  581,  614,  613, 2200, 2264, 2265, 2262
 564,  581,  582,  615,  614, 2202, 2266, 2267, 2264
 565,  582,  583,  616,  615, 2204, 2268, 2269, 2266
 566,  583,  584,  617,  616, 2206, 2270, 2271, 2268
 567,  584,  585,  618,  617, 2208, 2272, 2273, 2270
 568,  585,  586,  619,  618, 2210, 2274, 2275, 2272
 569,  586,  587,  620,  619, 2212, 2276, 2277, 2274
 570,  587,  588,  621,  620, 2214, 2278, 2279, 2276
 571,  588,  589,  622,  621, 2216, 2280, 2281, 2278
 572,  589,  590,  623,  622, 2218, 2282, 2283, 2280
 573,  590,  591,  624,  623, 2220, 2284, 2285, 2282
 574,  591,  592,  625,  624, 2222, 2286, 2287, 2284
 575,  592,  593,  626,  625, 2224, 2288, 2289, 2286
 576,  593,  594,  627,  626, 2226, 2290, 2291, 2288
 577,  595,  596,  629,  628, 2228, 2292, 2293, 2294
 578,  596,  597,  630,  629, 2231, 2295, 2296, 2292
 579,  597,  598,  631,  630, 2233, 2297, 2298, 2295
 580,  598,  599,  632,  631, 2235, 2299, 2300, 2297
 581,  599,  600,  633,  632, 2237, 2301, 2302, 2299
 582,  600,  601,  634,  633, 2239, 2303, 2304, 2301
 583,  601,  602,  635,  634, 2241, 2305, 2306, 2303
 584,  602,  603,  636,  635, 2243, 2307, 2308, 2305
 585,  603,  604,  637,  636, 2245, 2309, 2310, 2307
 586,  604,  605,  638,  637, 2247, 2311, 2312, 2309
 587,  605,  606,  639,  638, 2249, 2313, 2314, 2311
 588,  606,  607,  640,  639, 2251, 2315, 2316, 2313
 589,  607,  608,  641,  640, 2253, 2317, 2318, 2315
 590,  608,  609,  642,  641, 2255, 2319, 2320, 2317
 591,  609,  610,  643,  642, 2257, 2321, 2322, 2319
 592,  610,  611,  644,  643, 2259, 2323, 2324, 2321
 593,  611,  612,  645,  644, 2261, 2325, 2326, 2323
 594,  612,  613,  646,  645, 2263, 2327, 2328, 2325
 595,  613,  614,  647,  646, 2265, 2329, 2330, 2327
 596,  614,  615,  648,  647, 2267, 2331, 2332, 2329
 597,  615,  616,  649,  648, 2269, 2333, 2334, 2331
 598,  616,  617,  650,  649, 2271, 2335, 2336, 2333
 599,  617,  618,  651,  650, 2273, 2337, 2338, 2335
 600,  618,  619,  652,  651, 2275, 2339, 2340, 2337
 601,  619,  620,  653,  652, 2277, 2341, 2342, 2339
 602,  620,  621,  654,  653, 2279, 2343, 2344, 2341
 603,  621,  622,  655,  654, 2281, 2345, 2346, 2343
 604,  622,  623,  656,  655, 2283, 2347, 2348, 2345
 605,  623,  624,  657,  656, 2285, 2349, 2350, 2347
 606,  624,  625,  658,  657, 2287, 2351, 2352, 2349
 607,  625,  626,  659,  658, 2289, 2353, 2354, 2351
 608,  626,  627,  660,  659, 2291, 2355, 2356, 2353
 609,  628,  629,  662,  661, 2293, 2357, 2358, 2359
 610,  629,  630,  663,  662, 2296, 2360, 2361, 2357
 611,  630,  631,  664,  663, 2298, 2362, 2363, 2360
 612,  631,  632,  665,  664, 2300, 2364, 2365, 2362
 613,  632,  633,  666,  665, 2302, 2366, 2367, 2364
 614,  633,  634,  667,  666, 2304, 2368, 2369, 2366
 615,  634,  635,  668,  667, 2306, 2370, 2371, 2368
 616,  635,  636,  669,  668, 2308, 2372, 2373, 2370
 617,  636,  637,  670,  669, 2310, 2374, 2375, 2372
 618,  637,  638,  671,  670, 2312, 2376, 2377, 2374
 619,  638,  639,  672,  671, 2314, 2378, 2379, 2376
 620,  639,  640,  673,  672, 2316, 2380, 2381, 2378
 621,  640,  641,  674,  673, 2318, 2382, 2383, 2380
 622,  641,  642,  675,  674, 2320, 2384, 2385, 2382
 623,  642,  643,  676,  675, 2322, 2386, 2387, 2384
 624,  643,  644,  677,  676, 2324, 2388, 2389, 2386
 625,  644,  645,  678,  677, 2326, 2390, 2391, 2388
 626,  645,  646,  679,  678, 2328, 2392, 2393, 2390
 627,  646,  647,  680,  679, 2330, 2394, 2395, 2392
 628,  647,  648,  681,  680, 2332, 2396, 2397, 2394
 629,  648,  649,  682,  681, 2334, 2398, 2399, 2396
 630,  649,  650,  683,  682, 2336, 2400, 2401, 2398
 631,  650,  651,  684,  683, 2338, 2402, 2403, 2400
 632,  651,  652,  685,  684, 2340, 2404, 2405, 2402
 633,  652,  653,  686,  685, 2342, 2406, 2407, 2404
 634,  653,  654,  687,  686, 2344, 2408, 2409, 2406
 635,  654,  655,  688,  687, 2346, 2410, 2411, 2408
 636,  655,  656,  689,  688, 2348, 2412, 2413, 2410
 637,  656,  657,  690,  689, 2350, 2414, 2415, 2412
 638,  657,  658,  691,  690, 2352, 2416, 2417, 2414
 639,  658,  659,  692,  691, 2354, 2418, 2419, 2416
 640,  659,  660,  693,  692, 2356, 2420, 2421, 2418
 641,  661,  662,  695,  694, 2358, 2422, 2423, 2424
 642,  662,  663,  696,  695, 2361, 2425, 2426, 2422
 643,  663,  664,  697,  696, 2363, 2427, 2428, 2425
 644,  664,  665,  698,  697, 2365, 2429, 2430, 2427
 645,  665,  666,  699,  698, 2367, 2431, 2432, 2429
 646,  666,  667,  700,  699, 2369, 2433, 2434, 2431
 647,  667,  668,  701,  700, 2371, 2435, 2436, 2433
 648,  668,  669,  702,  701, 2373, 2437, 2438, 2435
 649,  669,  670,  703,  702, 2375, 2439, 2440, 2437
 650,  670,  671,  704,  703, 2377, 2441, 2442, 2439
 651,  671,  672,  705,  704, 2379, 2443, 2444, 2441
 652,  672,  673,  706,  705, 2381, 2445, 2446, 2443
 653,  673,  674,  707,  706, 2383, 2447, 2448, 2445
 654,  674,  675,  708,  707, 2385, 2449, 2450, 2447
 655,  675,  676,  709,  708, 2387, 2451, 2452, 2449
 656,  676,  677,  710,  709, 2389, 2453, 2454, 2451
 657,  677,  678,  711,  710, 2391, 2455, 2456, 2453
 658,  678,  679,  712,  711, 2393, 2457, 2458, 2455
 659,  679,  680,  713,  712, 2395, 2459, 2460, 2457
 660,  680,  681,  714,  713, 2397, 2461, 2462, 2459
 661,  681,  682,  715,  714, 2399, 2463, 2464, 2461
 662,  682,  683,  716,  715, 2401, 2465, 2466, 2463
 663,  683,  684,  717,  716, 2403, 2467, 2468, 2465
 664,  684,  685,  718,  717, 2405, 2469, 2470, 2467
 665,  685,  686,  719,  718, 2407, 2471, 2472, 2469
 666,  686,  687,  720,  719, 2409, 2473, 2474, 2471
 667,  687,  688,  721,  720, 2411, 2475, 2476, 2473
 668,  688,  689,  722,  721, 2413, 2477, 2478, 2475
 669,  689,  690,  723,  722, 2415, 2479, 2480, 2477
 670,  690,  691,  724,  723, 2417, 2481, 2482, 2479
 671,  691,  692,  725,  724, 2419, 2483, 2484, 2481
 672,  692,  693,  726,  725, 2421, 2485, 2486, 2483
 673,  694,  695,  728,  727, 2423, 2487, 2488, 2489
 674,  695,  696,  729,  728, 2426, 2490, 2491, 2487
 675,  696,  697,  730,  729, 2428, 2492, 2493, 2490
 676,  697,  698,  731,  730, 2430, 2494, 2495, 2492
 677,  698,  699,  732,  731, 2432, 2496, 2497, 2494
 678,  699,  700,  733,  732, 2434, 2498, 2499, 2496
 679,  700,  701,  734,  733, 2436, 2500, 2501, 2498
 680,  701,  702,  735,  734, 2438, 2502, 2503, 2500
 681,  702,  703,  736,  735, 2440, 2504, 2505, 2502
 682,  703,  704,  737,  736, 2442, 2506, 2507, 2504
 683,  704,  705,  738,  737, 2444, 2508, 2509, 2506
 684,  705,  706,  739,  738, 2446, 2510, 2511, 2508
 685,  706,  707,  740,  739, 2448, 2512, 2513, 2510
 686,  707,  708,  741,  740, 2450, 2514, 2515, 2512
 687,  708,  709,  742,  741, 2452, 2516, 2517, 2514
 688,  709,  710,  743,  742, 2454, 2518, 2519, 2516
 689,  710,  711,  744,  743, 2456, 2520, 2521, 2518
 690,  711,  712,  745,  744, 2458, 2522, 2523, 2520
 691,  712,  713,  746,  745, 2460, 2524, 2525, 2522
 692,  713,  714,  747,  746, 2462, 2526, 2527, 2524
 693,  714,  715,  748,  747, 2464, 2528, 2529, 2526
 694,  715,  716,  749,  748, 2466, 2530, 2531, 2528
 695,  716,  717,  750,  749, 2468, 2532, 2533, 2530
 696,  717,  718,  751,  750, 2470, 2534, 2535, 2532
 697,  718,  719,  752,  751, 2472, 2536, 2537, 2534
 698,  719,  720,  753,  752, 2474, 2538, 2539, 2536
 699,  720,  721,  754,  753, 2476, 2540, 2541, 2538
 700,  721,  722,  755,  754, 2478, 2542, 2543, 2540
 701,  722,  723,  756,  755, 2480, 2544, 2545, 2542
 702,  723,  724,  757,  756, 2482, 2546, 2547, 2544
 703,  724,  725,  758,  757, 2484, 2548, 2549, 2546
 704,  725,  726,  759,  758, 2486, 2550, 2551, 2548
 705,  727,  728,  761,  760, 2488, 2552, 2553, 2554
 706,  728,  729,  762,  761, 2491, 2555, 2556, 2552
 707,  729,  730,  763,  762, 2493, 2557, 2558, 2555
 708,  730,  731,  764,  763, 2495, 2559, 2560, 2557
 709,  731,  732,  765,  764, 2497, 2561, 2562, 2559
 710,  732,  733,  766,  765, 2499, 2563, 2564, 2561
 711,  733,  734,  767,  766, 2501, 2565, 2566, 2563
 712,  734,  735,  768,  767, 2503, 2567, 2568, 2565
 713,  735,  736,  769,  768, 2505, 2569, 2570, 2567
 714,  736,  737,  770,  769, 2507, 2571, 2572, 2569
 715,  737,  738,  771,  770, 2509, 2573, 2574, 2571
 716,  738,  739,  772,  771, 2511, 2575, 2576, 2573
 717,  739,  740,  773,  772, 2513, 2577, 2578, 2575
 718,  740,  741,  774,  773, 2515, 2579, 2580, 2577
 719,  741,  742,  775,  774, 2517, 2581, 2582, 2579
 720,  742,  743,  776,  775, 2519, 2583, 2584, 2581
 721,  743,  744,  777,  776, 2521, 2585, 2586, 2583
 722,  744,  745,  778,  777, 2523, 2587, 2588, 2585
 723,  745,  746,  779,  778, 2525, 2589, 2590, 2587
 724,  746,  747,  780,  779, 2527, 2591, 2592, 2589
 725,  747,  748,  781,  780, 2529, 2593, 2594, 2591
 726,  748,  749,  782,  781, 2531, 2595, 2596, 2593
 727,  749,  750,  783,  782, 2533, 2597, 2598, 2595
 728,  750,  751,  784,  783, 2535, 2599, 2600, 2597
 729,  751,  752,  785,  784, 2537, 2601, 2602, 2599
 730,  752,  753,  786,  785, 2539, 2603, 2604, 2601
 731,  753,  754,  787,  786, 2541, 2605, 2606, 2603
 732,  754,  755,  788,  787, 2543, 2607, 2608, 2605
 733,  755,  756,  789,  788, 2545, 2609, 2610, 2607
 734,  756,  757,  790,  789, 2547, 2611, 2612, 2609
 735,  757,  758,  791,  790, 2549, 2613, 2614, 2611
 736,  758,  759,  792,  791, 2551, 2615, 2616, 2613
 737,  760,  761,  794,  793, 2553, 2617, 2618, 2619
 738,  761,  762,  795,  794, 2556, 2620, 2621, 2617
 739,  762,  763,  796,  795, 2558, 2622, 2623, 2620
 740,  763,  764,  797,  796, 2560, 2624, 2625, 2622
 741,  764,  765,  798,  797, 2562, 2626, 2627, 2624
 742,  765,  766,  799,  798, 2564, 2628, 2629, 2626
 743,  766,  767,  800,  799, 2566, 2630, 2631, 2628
 744,  767,  768,  801,  800, 2568, 2632, 2633, 2630
 745,  768,  769,  802,  801, 2570, 2634, 2635, 2632
 746,  769,  770,  803,  802, 2572, 2636, 2637, 2634
 747,  770,  771,  804,  803, 2574, 2638, 2639, 2636
 748,  771,  772,  805,  804, 2576, 2640, 2641, 2638
 749,  772,  773,  806,  805, 2578, 2642, 2643, 2640
 750,  773,  774,  807,  806, 2580, 2644, 2645, 2642
 751,  774,  775,  808,  807, 2582, 2646, 2647, 2644
 752,  775,  776,  809,  808, 2584, 2648, 2649, 2646
 753,  776,  777,  810,  809, 2586, 2650, 2651, 2648
 754,  777,  778,  811,  810, 2588, 2652, 2653, 2650
 755,  778,  779,  812,  811, 2590, 2654, 2655, 2652
 756,  779,  780,  813,  812, 2592, 2656, 2657, 2654
 757,  780,  781,  814,  813, 2594, 2658, 2659, 2656
 758,  781,  782,  815,  814, 2596, 2660, 2661, 2658
 759,  782,  783,  816,  815, 2598, 2662, 2663, 2660
 760,  783,  784,  817,  816, 2600, 2664, 2665, 2662
 761,  784,  785,  818,  817, 2602, 2666, 2667, 2664
 762,  785,  786,  819,  818, 2604, 2668, 2669, 2666
 763,  786,  787,  820,  819, 2606, 2670, 2671, 2668
 764,  787,  788,  821,  820, 2608, 2672, 2673, 2670
 765,  788,  789,  822,  821, 2610, 2674, 2675, 2672
 766,  789,  790,  823,  822, 2612, 2676, 2677, 2674
 767,  790,  791,  824,  823, 2614, 2678, 2679, 2676
 768,  791,  792,  825,  824, 2616, 2680, 2681, 2678
 769,  793,  794,  827,  826, 2618, 2682, 2683, 2684
 770,  794,  795,  828,  827, 2621, 2685, 2686, 2682
 771,  795,  796,  829,  828, 2623, 2687, 2688, 2685
 772,  796,  797,  830,  829, 2625, 2689, 2690, 2687
 773,  797,  798,  831,  830, 2627, 2691, 2692, 2689
 774,  798,  799,  832,  831, 2629, 2693, 2694, 2691
 775,  799,  800,  833,  832, 2631, 2695, 2696, 2693
 776,  800,  801,  834,  833, 2633, 2697, 2698, 2695
 777,  801,  802,  835,  834, 2635, 2699, 2700, 2697
 778,  802,  803,  836,  835, 2637, 2701, 2702, 2699
 779,  803,  804,  837,  836, 2639, 2703, 2704, 2701
 780,  804,  805,  838,  837, 2641, 2705, 2706, 2703
 781,  805,  806,  839,  838, 2643, 2707, 2708, 2705
 782,  806,  807,  840,  839, 2645, 2709, 2710, 2707
 783,  807,  808,  841,  840, 2647, 2711, 2712, 2709
 784,  808,  809,  842,  841, 2649, 2713, 2714, 2711
 785,  809,  810,  843,  842, 2651, 2715, 2716, 2713
 786,  810,  811,  844,  843, 2653, 2717, 2718, 2715
 787,  811,  812,  845,  844, 2655, 2719, 2720, 2717
 788,  812,  813,  846,  845, 2657, 2721, 2722, 2719
 789,  813,  814,  847,  846, 2659, 2723, 2724, 2721
 790,  814,  815,  848,  847, 2661, 2725, 2726, 2723
 791,  815,  816,  849,  848, 2663, 2727, 2728, 2725
 792,  816,  817,  850,  849, 2665, 2729, 2730, 2727
 793,  817,  818,  851,  850, 2667, 2731, 2732, 2729
 794,  818,  819,  852,  851, 2669, 2733, 2734, 2731
 795,  819,  820,  853,  852, 2671, 2735, 2736, 2733
 796,  820,  821,  854,  853, 2673, 2737, 2738, 2735
 797,  821,  822,  855,  854, 2675, 2739, 2740, 2737
 798,  822,  823,  856,  855, 2677, 2741, 2742, 2739
 799,  823,  824,  857,  856, 2679, 2743, 2744, 2741
 800,  824,  825,  858,  857, 2681, 2745, 2746, 2743
 801,  826,  827,  860,  859, 2683, 2747, 2748, 2749
 802,  827,  828,  861,  860, 2686, 2750, 2751, 2747
 803,  828,  829,  862,  861, 2688, 2752, 2753, 2750
 804,  829,  830,  863,  862, 2690, 2754, 2755, 2752
 805,  830,  831,  864,  863, 2692, 2756, 2757, 2754
 806,  831,  832,  865,  864, 2694, 2758, 2759, 2756
 807,  832,  833,  866,  865, 2696, 2760, 2761, 2758
 808,  833,  834,  867,  866, 2698, 2762, 2763, 2760
 809,  834,  835,  868,  867, 2700, 2764, 2765, 2762
 810,  835,  836,  869,  868, 2702, 2766, 2767, 2764
 811,  836,  837,  870,  869, 2704, 2768, 2769, 2766
 812,  837,  838,  871,  870, 2706, 2770, 2771, 2768
 813,  838,  839,  872,  871, 2708, 2772, 2773, 2770
 814,  839,  840,  873,  872, 2710, 2774, 2775, 2772
 815,  840,  841,  874,  873, 2712, 2776, 2777, 2774
 816,  841,  842,  875,  874, 2714, 2778, 2779, 2776
 817,  842,  843,  876,  875, 2716, 2780, 2781, 2778
 818,  843,  844,  877,  876, 2718, 2782, 2783, 2780
 819,  844,  845,  878,  877, 2720, 2784, 2785, 2782
 820,  845,  846,  879,  878, 2722, 2786, 2787, 2784
 821,  846,  847,  880,  879, 2724, 2788, 2789, 2786
 822,  847,  848,  881,  880, 2726, 2790, 2791, 2788
 823,  848,  849,  882,  881, 2728, 2792, 2793, 2790
 824,  849,  850,  883,  882, 2730, 2794, 2795, 2792
 825,  850,  851,  884,  883, 2732, 2796, 2797, 2794
 826,  851,  852,  885,  884, 2734, 2798, 2799, 2796
 827,  852,  853,  886,  885, 2736, 2800, 2801, 2798
 828,  853,  854,  887,  886, 2738, 2802, 2803, 2800
 829,  854,  855,  888,  887, 2740, 2804, 2805, 2802
 830,  855,  856,  889,  888, 2742, 2806, 2807, 2804
 831,  856,  857,  890,  889, 2744, 2808, 2809, 2806
 832,  857,  858,  891,  890, 2746, 2810, 2811, 2808
 833,  859,  860,  893,  892, 2748, 2812, 2813, 2814
 834,  860,  861,  894,  893, 2751, 2815, 2816, 2812
 835,  861,  862,  895,  894, 2753, 2817, 2818, 2815
 836,  862,  863,  896,  895, 2755, 2819, 2820, 2817
 837,  863,  864,  897,  896, 2757, 2821, 2822, 2819
 838,  864,  865,  898,  897, 2759, 2823, 2824, 2821
 839,  865,  866,  899,  898, 2761, 2825, 2826, 2823
 840,  866,  867,  900,  899, 2763, 2827, 2828, 2825
 841,  867,  868,  901,  900, 2765, 2829, 2830, 2827
 842,  868,  869,  902,  901, 2767, 2831, 2832, 2829
 843,  869,  870,  903,  902, 2769, 2833, 2834, 2831
 844,  870,  871,  904,  903, 2771, 2835, 2836, 2833
 845,  871,  872,  905,  904, 2773, 2837, 2838, 2835
 846,  872,  873,  906,  905, 2775, 2839, 2840, 2837
 847,  873,  874,  907,  906, 2777, 2841, 2842, 2839
 848,  874,  875,  908,  907, 2779, 2843, 2844, 2841
 849,  875,  876,  909,  908, 2781, 2845, 2846, 2843
 850,  876,  877,  910,  909, 2783, 2847, 2848, 2845
 851,  877,  878,  911,  910, 2785, 2849, 2850, 2847
 852,  878,  879,  912,  911, 2787, 2851, 2852, 2849
 853,  879,  880,  913,  912, 2789, 2853, 2854, 2851
 854,  880,  881,  914,  913, 2791, 2855, 2856, 2853
 855,  881,  882,  915,  914, 2793, 2857, 2858, 2855
 856,  882,  883,  916,  915, 2795, 2859, 2860, 2857
 857,  883,  884,  917,  916, 2797, 2861, 2862, 2859
 858,  884,  885,  918,  917, 2799, 2863, 2864, 2861
 859,  885,  886,  919,  918, 2801, 2865, 2866, 2863
 860,  886,  887,  920,  919, 2803, 2867, 2868, 2865
 861,  887,  888,  921,  920, 2805, 2869, 2870, 2867
 862,  888,  889,  922,  921, 2807, 2871, 2872, 2869
 863,  889,  890,  923,  922, 2809, 2873, 2874, 2871
 864,  890,  891,  924,  923, 2811, 2875, 2876, 2873
 865,  892,  893,  926,  925, 2813, 2877, 2878, 2879
 866,  893,  894,  927,  926, 2816, 2880, 2881, 2877
 867,  894,  895,  928,  927, 2818, 2882, 2883, 2880
 868,  895,  896,  929,  928, 2820, 2884, 2885, 2882
 869,  896,  897,  930,  929, 2822, 2886, 2887, 2884
 870,  897,  898,  931,  930, 2824, 2888, 2889, 2886
 871,  898,  899,  932,  931, 2826, 2890, 2891, 2888
 872,  899,  900,  933,  932, 2828, 2892, 2893, 2890
 873,  900,  901,  934,  933, 2830, 2894, 2895, 2892
 874,  901,  902,  935,  934, 2832, 2896, 2897, 2894
 875,  902,  903,  936,  935, 2834, 2898, 2899, 2896
 876,  903,  904,  937,  936, 2836, 2900, 2901, 2898
 877,  904,  905,  938,  937, 2838, 2902, 2903, 2900
 878,  905,  906,  939,  938, 2840, 2904, 2905, 2902
 879,  906,  907,  940,  939, 2842, 2906, 2907, 2904
 880,  907,  908,  941,  940, 2844, 2908, 2909, 2906
 881,  908,  909,  942,  941, 2846, 2910, 2911, 2908
 882,  909,  910,  943,  942, 2848, 2912, 2913, 2910
 883,  910,  911,  944,  943, 2850, 2914, 2915, 2912
 884,  911,  912,  945,  944, 2852, 2916, 2917, 2914
 885,  912,  913,  946,  945, 2854, 2918, 2919, 2916
 886,  913,  914,  947,  946, 2856, 2920, 2921, 2918
 887,  914,  915,  948,  947, 2858, 2922, 2923, 2920
 888,  915,  916,  949,  948, 2860, 2924, 2925, 2922
 889,  916,  917,  950,  949, 2862, 2926, 2927, 2924
 890,  917,  918,  951,  950, 2864, 2928, 2929, 2926
 891,  918,  919,  952,  951, 2866, 2930, 2931, 2928
 892,  919,  920,  953,  952, 2868, 2932, 2933, 2930
 893,  920,  921,  954,  953, 2870, 2934, 2935, 2932
 894,  921,  922,  955,  954, 2872, 2936, 2937, 2934
 895,  922,  923,  956,  955, 2874, 2938, 2939, 2936
 896,  923,  924,  957,  956, 2876, 2940, 2941, 2938
 897,  925,  926,  959,  958, 2878, 2942, 2943, 2944
 898,  926,  927,  960,  959, 2881, 2945, 2946, 2942
 899,  927,  928,  961,  960, 2883, 2947, 2948, 2945
 900,  928,  929,  962,  961, 2885, 2949, 2950, 2947
 901,  929,  930,  963,  962, 2887, 2951, 2952, 2949
 902,  930,  931,  964,  963, 2889, 2953, 2954, 2951
 903,  931,  932,  965,  964, 2891, 2955, 2956, 2953
 904,  932,  933,  966,  965, 2893, 2957, 2958, 2955
 905,  933,  934,  967,  966, 2895, 2959, 2960, 2957
 906,  934,  935,  968,  967, 2897, 2961, 2962, 2959
 907,  935,  936,  969,  968, 2899, 2963, 2964, 2961
 908,  936,  937,  970,  969, 2901, 2965, 2966, 2963
 909,  937,  938,  971,  970, 2903, 2967, 2968, 2965
 910,  938,  939,  972,  971, 2905, 2969, 2970, 2967
 911,  939,  940,  973,  972, 2907, 2971, 2972, 2969
 912,  940,  941,  974,  973, 2909, 2973, 2974, 2971
 913,  941,  942,  975,  974, 2911, 2975, 2976, 2973
 914,  942,  943,  976,  975, 2913, 2977, 2978, 2975
 915,  943,  944,  977,  976, 2915, 2979, 2980, 2977
 916,  944,  945,  978,  977, 2917, 2981, 2982, 2979
 917,  945,  946,  979,  978, 2919, 2983, 2984, 2981
 918,  946,  947,  980,  979, 2921, 2985, 2986, 2983
 919,  947,  948,  981,  980, 2923, 2987, 2988, 2985
 920,  948,  949,  982,  981, 2925, 2989, 2990, 2987
 921,  949,  950,  983,  982, 2927, 2991, 2992, 2989
 922,  950,  951,  984,  983, 2929, 2993, 2994, 2991
 923,  951,  952,  985,  984, 2931, 2995, 2996, 2993
 924,  952,  953,  986,  985, 2933, 2997, 2998, 2995
 925,  953,  954,  987,  986, 2935, 2999, 3000, 2997
 926,  954,  955,  988,  987, 2937, 3001, 3002, 2999
 927,  955,  956,  989,  988, 2939, 3003, 3004, 3001
 928,  956,  957,  990,  989, 2941, 3005, 3006, 3003
 929,  958,  959,  992,  991, 2943, 3007, 3008, 3009
 930,  959,  960,  993,  992, 2946, 3010, 3011, 3007
 931,  960,  961,  994,  993, 2948, 3012, 3013, 3010
 932,  961,  962,  995,  994, 2950, 3014, 3015, 3012
 933,  962,  963,  996,  995, 2952, 3016, 3017, 3014
 934,  963,  964,  997,  996, 2954, 3018, 3019, 3016
 935,  964,  965,  998,  997, 2956, 3020, 3021, 3018
 936,  965,  966,  999,  998, 2958, 3022, 3023, 3020
 937,  966,  967, 1000,  999, 2960, 3024, 3025, 3022
 938,  967,  968, 1001, 1000, 2962, 3026, 3027, 3024
 939,  968,  969, 1002, 1001, 2964, 3028, 3029, 3026
 940,  969,  970, 1003, 1002, 2966, 3030, 3031, 3028
 941,  970,  971, 1004, 1003, 2968, 3032, 3033, 3030
 942,  971,  972, 1005, 1004, 2970, 3034, 3035, 3032
 943,  972,  973, 1006, 1005, 2972, 3036, 3037, 3034
 944,  973,  974, 1007, 1006, 2974, 3038, 3039, 3036
 945,  974,  975, 1008, 1007, 2976, 3040, 3041, 3038
 946,  975,  976, 1009, 1008, 2978, 3042, 3043, 3040
 947,  976,  977, 1010, 1009, 2980, 3044, 3045, 3042
 948,  977,  978, 1011, 1010, 2982, 3046, 3047, 3044
 949,  978,  979, 1012, 1011, 2984, 3048, 3049, 3046
 950,  979,  980, 1013, 1012, 2986, 3050, 3051, 3048
 951,  980,  981, 1014, 1013, 2988, 3052, 3053, 3050
 952,  981,  982, 1015, 1014, 2990, 3054, 3055, 3052
 953,  982,  983, 1016, 1015, 2992, 3056, 3057, 3054
 954,  983,  984, 1017, 1016, 2994, 3058, 3059, 3056
 955,  984,  985, 1018, 1017, 2996, 3060, 3061, 3058
 956,  985,  986, 1019, 1018, 2998, 3062, 3063, 3060
 957,  986,  987, 1020, 1019, 3000, 3064, 3065, 3062
 958,  987,  988, 1021, 1020, 3002, 3066, 3067, 3064
 959,  988,  989, 1022, 1021, 3004, 3068, 3069, 3066
 960,  989,  990, 1023, 1022, 3006, 3070, 3071, 3068
 961,  991,  992, 1025, 1024, 3008, 3072, 3073, 3074
 962,  992,  993, 1026, 1025, 3011, 3075, 3076, 3072
 963,  993,  994, 1027, 1026, 3013, 3077, 3078, 3075
 964,  994,  995, 1028, 1027, 3015, 3079, 3080, 3077
 965,  995,  996, 1029, 1028, 3017, 3081, 3082, 3079
 966,  996,  997, 1030, 1029, 3019, 3083, 3084, 3081
 967,  997,  998, 1031, 1030, 3021, 3085, 3086, 3083
 968,  998,  999, 1032, 1031, 3023, 3087, 3088, 3085
 969,  999, 1000, 1033, 1032, 3025, 3089, 3090, 3087
 970, 1000, 1001, 1034, 1033, 3027, 3091, 3092, 3089
 971, 1001, 1002, 1035, 1034, 3029, 3093, 3094, 3091
 972, 1002, 1003, 1036, 1035, 3031, 3095, 3096, 3093
 973, 1003, 1004, 1037, 1036, 3033, 3097, 3098, 3095
 974, 1004, 1005, 1038, 1037, 3035, 3099, 3100, 3097
 975, 1005, 1006, 1039, 1038, 3037, 3101, 3102, 3099
 976, 1006, 1007, 1040, 1039, 3039, 3103, 3104, 3101
 977, 1007, 1008, 1041, 1040, 3041, 3105, 3106, 3103
 978, 1008, 1009, 1042, 1041, 3043, 3107, 3108, 3105
 979, 1009, 1010, 1043, 1042, 3045, 3109, 3110, 3107
 980, 1010, 1011, 1044, 1043, 3047, 3111, 3112, 3109
 981, 1011, 1012, 1045, 1044, 3049, 3113, 3114, 3111
 982, 1012, 1013, 1046, 1045, 3051, 3115, 3116, 3113
 983, 1013, 1014, 1047, 1046, 3053, 3117, 3118, 3115
 984, 1014, 1015, 1048, 1047, 3055, 3119, 3120, 3117
 985, 1015, 1016, 1049, 1048, 3057, 3121, 3122, 3119
 986, 1016, 1017, 1050, 1049, 3059, 3123, 3124, 3121
 987, 1017, 1018, 1051, 1050, 3061, 3125, 3126, 3123
 988, 1018, 1019, 1052, 1051, 3063, 3127, 3128, 3125
 989, 1019, 1020, 1053, 1052, 3065, 3129, 3130, 3127
 990, 1020, 1021, 1054, 1053, 3067, 3131, 3132, 3129
 991, 1021, 1022, 1055, 1054, 3069, 3133, 3134, 3131
 992, 1022, 1023, 1056, 1055, 3071, 3135, 3136, 3133
 993, 1024, 1025, 1058, 1057, 3073, 3137, 3138, 3139
 994, 1025, 1026, 1059, 1058, 3076, 3140, 3141, 3137
 995, 1026, 1027, 1060, 1059, 3078, 3142, 3143, 3140
 996, 1027, 1028, 1061, 1060, 3080, 3144, 3145, 3142
 997, 1028, 1029, 1062, 1061, 3082, 3146, 3147, 3144
 998, 1029, 1030, 1063, 1062, 3084, 3148, 3149, 3146
 999, 1030, 1031, 1064, 1063, 3086, 3150, 3151, 3148
1000, 1031, 1032, 1065, 1064, 3088, 3152, 3153, 3150
1001, 1032, 1033, 1066, 1065, 3090, 3154, 3155, 3152
1002, 1033, 1034, 1067, 1066, 3092, 3156, 3157, 3154
1003, 1034, 1035, 1068, 1067, 3094, 3158, 3159, 3156
1004, 1035, 1036, 1069, 1068, 3096, 3160, 3161, 3158
1005, 1036, 1037, 1070, 1069, 3098, 3162, 3163, 3160
1006, 1037, 1038, 1071, 1070, 3100, 3164, 3165, 3162
1007, 1038, 1039, 1072, 1071, 3102, 3166, 3167, 3164
1008, 1039, 1040, 1073, 1072, 3104, 3168, 3169, 3166
1009, 1040, 1041, 1074, 1073, 3106, 3170, 3171, 3168
1010, 1041, 1042, 1075, 1074, 3108, 3172, 3173, 3170
1011, 1042, 1043, 1076, 1075, 3110, 3174, 3175, 3172
1012, 1043, 1044, 1077, 1076, 3112, 3176, 3177, 3174
1013, 1044, 1045, 1078, 1077, 3114, 3178, 3179, 3176
1014, 1045, 1046, 1079, 1078, 3116, 3180, 3181, 3178
1015, 1046, 1047, 1080, 1079, 3118, 3182, 3183, 3180
1016, 1047, 1048, 1081, 1080, 3120, 3184, 3185, 3182
1017, 1048, 1049, 1082, 1081, 3122, 3186, 3187, 3184
1018, 1049, 1050, 1083, 1082, 3124, 3188, 3189, 3186
1019, 1050, 1051, 1084, 1083, 3126, 3190, 3191, 3188
1020, 1051, 1052, 1085, 1084, 3128, 3192, 3193, 3190
1021, 1052, 1053, 1086, 1085, 3130, 3194, 3195, 3192
1022, 1053, 1054, 1087, 1086, 3132, 3196, 3197, 3194
1023, 1054, 1055, 1088, 1087, 3134, 3198, 3199, 3196
1024, 1055, 1056, 1089, 1088, 3136, 3200, 3201, 3198
