  1,   1,   2,  19,  18, 290, 291, 292, 293
  2,   2,   3,  20,  19, 294, 295, 296, 291
  3,   3,   4,  21,  20, 297, 298, 299, 295
  4,   4,   5,  22,  21, 300, 301, 302, 298
  5,   5,   6,  23,  22, 303, 304, 305, 301
  6,   6,   7,  24,  23, 306, 307, 308, 304
  7,   7,   8,  25,  24, 309, 310, 311, 307
  8,   8,   9,  26,  25, 312, 313, 314, 310
  9,   9,  10,  27,  26, 315, 316, 317, 313
 10,  10,  11,  28,  27, 318, 319, 320, 316
 11,  11,  12,  29,  28, 321, 322, 323, 319
 12,  12,  13,  30,  29, 324, 325, 326, 322
 13,  13,  14,  31,  30, 327, 328, 329, 325
 14,  14,  15,  32,  31, 330, 331, 332, 328
 15,  15,  16,  33,  32, 333, 334, 335, 331
 16,  16,  17,  34,  33, 336, 337, 338, 334
 17,  18,  19,  36,  35, 292, 339, 340, 341
 18,  19,  20,  37,  36, 296, 342, 343, 339
 19,  20,  21,  38,  37, 299, 344, 345, 342
 20,  21,  22,  39,  38, 302, 346, 347, 344
 21,  22,  23,  40,  39, 305, 348, 349, 346
 22,  23,  24,  41,  40, 308, 350, 351, 348
 23,  24,  25,  42,  41, 311, 352, 353, 350
 24,  25,  26,  43,  42, 314, 354, 355, 352
 25,  26,  27,  44,  43, 317, 356, 357, 354
 26,  27,  28,  45,  44, 320, 358, 359, 356
 27,  28,  29,  46,  45, 323, 360, 361, 358
 28,  29,  30,  47,  46, 326, 362, 363, 360
 29,  30,  31,  48,  47, 329, 364, 365, 362
 30,  31,  32,  49,  48, 332, 366, 367, 364
 31,  32,  33,  50,  49, 335, 368, 369, 366
 32,  33,  34,  51,  50, 338, 370, 371, 368
 33,  35,  36,  53,  52, 340, 372, 373, 374
 34,  36,  37,  54,  53, 343, 375, 376, 372
 35,  37,  38,  55,  54, 345, 377, 378, 375
 36,  38,  39,  56,  55, 347, 379, 380, 377
 37,  39,  40,  57,  56, 349, 381, 382, 379
 38,  40,  41,  58,  57, 351, 383, 384, 381
 39,  41,  42,  59,  58, 353, 385, 386, 383
 40,  42,  43,  60,  59, 355, 387, 388, 385
 41,  43,  44,  61,  60, 357, 389, 390, 387
 42,  44,  45,  62,  61, 359, 391, 392, 389
 43,  45,  46,  63,  62, 361, 393, 394, 391
 44,  46,  47,  64,  63, 363, 395, 396, 393
 45,  47,  48,  65,  64, 365, 397, 398, 395
 46,  48,  49,  66,  65, 367, 399, 400, 397
 47,  49,  50,  67,  66, 369, 401, 402, 399
 48,  50,  51,  68,  67, 371, 403, 404, 401
 49,  52,  53,  70,  69, 373, 405, 406, 407
 50,  53,  54,  71,  70, 376, 408, 409, 405
 51,  54,  55,  72,  71, 378, 410, 411, 408
 52,  55,  56,  73,  72, 380, 412, 413, 410
 53,  56,  57,  74,  73, 382, 414, 415, 412
 54,  57,  58,  75,  74, 384, 416, 417, 414
 55,  58,  59,  76,  75, 386, 418, 419, 416
 56,  59,  60,  77,  76, 388, 420, 421, 418
 57,  60,  61,  78,  77, 390, 422, 423, 420
 58,  61,  62,  79,  78, 392, 424, 425, 422
 59,  62,  63,  80,  79, 394, 426, 427, 424
 60,  63,  64,  81,  80, 396, 428, 429, 426
 61,  64,  65,  82,  81, 398, 430, 431, 428
 62,  65,  66,  83,  82, 400, 432, 433, 430
 63,  66,  67,  84,  83, 402, 434, 435, 432
 64,  67,  68,  85,  84, 404, 436, 437, 434
 65,  69,  70,  87,  86, 406, 438, 439, 440
 66,  70,  71,  88,  87, 409, 441, 442, 438
 67,  71,  72,  89,  88, 411, 443, 444, 441
 68,  72,  73,  90,  89, 413, 445, 446, 443
 69,  73,  74,  91,  90, 415, 447, 448, 445
 70,  74,  75,  92,  91, 417, 449, 450, 447
 71,  75,  76,  93,  92, 419, 451, 452, 449
 72,  76,  77,  94,  93, 421, 453, 454, 451
 73,  77,  78,  95,  94, 423, 455, 456, 453
 74,  78,  79,  96,  95, 425, 457, 458, 455
 75,  79,  80,  97,  96, 427, 459, 460, 457
 76,  80,  81,  98,  97, 429, 461, 462, 459
 77,  81,  82,  99,  98, 431, 463, 464, 461
 78,  82,  83, 100,  99, 433, 465, 466, 463
 79,  83,  84, 101, 100, 435, 467, 468, 465
 80,  84,  85, 102, 101, 437, 469, 470, 467
 81,  86,  87, 104, 103, 439, 471, 472, 473
 82,  87,  88, 105, 104, 442, 474, 475, 471
 83,  88,  89, 106, 105, 444, 476, 477, 474
 84,  89,  90, 107, 106, 446, 478, 479, 476
 85,  90,  91, 108, 107, 448, 480, 481, 478
 86,  91,  92, 109, 108, 450, 482, 483, 480
 87,  92,  93, 110, 109, 452, 484, 485, 482
 88,  93,  94, 111, 110, 454, 486, 487, 484
 89,  94,  95, 112, 111, 456, 488, 489, 486
 90,  95,  96, 113, 112, 458, 490, 491, 488
 91,  96,  97, 114, 113, 460, 492, 493, 490
 92,  97,  98, 115, 114, 462, 494, 495, 492
 93,  98,  99, 116, 115, 464, 496, 497, 494
 94,  99, 100, 117, 116, 466, 498, 499, 496
 95, 100, 101, 118, 117, 468, 500, 501, 498
 96, 101, 102, 119, 118, 470, 502, 503, 500
 97, 103, 104, 121, 120, 472, 504, 505, 506
 98, 104, 105, 122, 121, 475, 507, 508, 504
 99, 105, 106, 123, 122, 477, 509, 510, 507
100, 106, 107, 124, 123, 479, 511, 512, 509
101, 107, 108, 125, 124, 481, 513, 514, 511
102, 108, 109, 126, 125, 483, 515, 516, 513
103, 109, 110, 127, 126, 485, 517, 518, 515
104, 110, 111, 128, 127, 487, 519, 520, 517
105, 111, 112, 129, 128, 489, 521, 522, 519
106, 112, 113, 130, 129, 491, 523, 524, 521
107, 113, 114, 131, 130, 493, 525, 526, 523
108, 114, 115, 132, 131, 495, 527, 528, 525
109, 115, 116, 133, 132, 497, 529, 530, 527
110, 116, 117, 134, 133, 499, 531, 532, 529
111, 117, 118, 135, 134, 501, 533, 534, 531
112, 118, 119, 136, 135, 503, 535, 536, 533
113, 120, 121, 138, 137, 505, 537, 538, 539
114, 121, 122, 139, 138, 508, 540, 541, 537
115, 122, 123, 140, 139, 510, 542, 543, 540
116, 123, 124, 141, 140, 512, 544, 545, 542
117, 124, 125, 142, 141, 514, 546, 547, 544
118, 125, 126, 143, 142, 516, 548, 549, 546
119, 126, 127, 144, 143, 518, 550, 551, 548
120, 127, 128, 145, 144, 520, 552, 553, 550
121, 128, 129, 146, 145, 522, 554, 555, 552
122, 129, 130, 147, 146, 524, 556, 557, 554
123, 130, 131, 148, 147, 526, 558, 559, 556
124, 131, 132, 149, 148, 528, 560, 561, 558
125, 132, 133, 150, 149, 530, 562, 563, 560
126, 133, 134, 151, 150, 532, 564, 565, 562
127, 134, 135, 152, 151, 534, 566, 567, 564
128, 135, 136, 153, 152, 536, 568, 569, 566
129, 137, 138, 155, 154, 538, 570, 571, 572
130, 138, 139, 156, 155, 541, 573, 574, 570
131, 139, 140, 157, 156, 543, 575, 576, 573
132, 140, 141, 158, 157, 545, 577, 578, 575
133, 141, 142, 159, 158, 547, 579, 580, 577
134, 142, 143, 160, 159, 549, 581, 582, 579
135, 143, 144, 161, 160, 551, 583, 584, 581
136, 144, 145, 162, 161, 553, 585, 586, 583
137, 145, 146, 163, 162, 555, 587, 588, 585
138, 146, 147, 164, 163, 557, 589, 590, 587
139, 147, 148, 165, 164, 559, 591, 592, 589
140, 148, 149, 166, 165, 561, 593, 594, 591
141, 149, 150, 167, 166, 563, 595, 596, 593
142, 150, 151, 168, 167, 565, 597, 598, 595
143, 151, 152, 169, 168, 567, 599, 600, 597
144, 152, 153, 170, 169, 569, 601, 602, 599
145, 154, 155, 172, 171, 571, 603, 604, 605
146, 155, 156, 173, 172, 574, 606, 607, 603
147, 156, 157, 174, 173, 576, 608, 609, 606
148, 157, 158, 175, 174, 578, 610, 611, 608
149, 158, 159, 176, 175, 580, 612, 613, 610
150, 159, 160, 177, 176, 582, 614, 615, 612
151, 160, 161, 178, 177, 584, 616, 617, 614
152, 161, 162, 179, 178, 586, 618, 619, 616
153, 162, 163, 180, 179, 588, 620, 621, 618
154, 163, 164, 181, 180, 590, 622, 623, 620
155, 164, 165, 182, 181, 592, 624, 625, 622
156, 165, 166, 183, 182, 594, 626, 627, 624
157, 166, 167, 184, 183, 596, 628, 629, 626
158, 167, 168, 185, 184, 598, 630, 631, 628
159, 168, 169, 186, 185, 600, 632, 633, 630
160, 169, 170, 187, 186, 602, 634, 635, 632
161, 171, 172, 189, 188, 604, 636, 637, 638
162, 172, 173, 190, 189, 607, 639, 640, 636
163, 173, 174, 191, 190, 609, 641, 642, 639
164, 174, 175, 192, 191, 611, 643, 644, 641
165, 175, 176, 193, 192, 613, 645, 646, 643
166, 176, 177, 194, 193, 615, 647, 648, 645
167, 177, 178, 195, 194, 617, 649, 650, 647
168, 178, 179, 196, 195, 619, 651, 652, 649
169, 179, 180, 197, 196, 621, 653, 654, 651
170, 180, 181, 198, 197, 623, 655, 656, 653
171, 181, 182, 199, 198, 625, 657, 658, 655
172, 182, 183, 200, 199, 627, 659, 660, 657
173, 183, 184, 201, 200, 629, 661, 662, 659
174, 184, 185, 202, 201, 631, 663, 664, 661
175, 185, 186, 203, 202, 633, 665, 666, 663
176, 186, 187, 204, 203, 635, 667, 668, 665
177, 188, 189, 206, 205, 637, 669, 670, 671
178, 189, 190, 207, 206, 640, 672, 673, 669
179, 190, 191, 208, 207, 642, 674, 675, 672
180, 191, 192, 209, 208, 644, 676, 677, 674
181, 192, 193, 210, 209, 646, 678, 679, 676
182, 193, 194, 211, 210, 648, 680, 681, 678
183, 194, 195, 212, 211, 650, 682, 683, 680
184, 195, 196, 213, 212, 652, 684, 685, 682
185, 196, 197, 214, 213, 654, 686, 687, 684
186, 197, 198, 215, 214, 656, 688, 689, 686
187, 198, 199, 216, 215, 658, 690, 691, 688
188, 199, 200, 217, 216, 660, 692, 693, 690
189, 200, 201, 218, 217, 662, 694, 695, 692
190, 201, 202, 219, 218, 664, 696, 697, 694
191, 202, 203, 220, 219, 666, 698, 699, 696
192, 203, 204, 221, 220, 668, 700, 701, 698
193, 205, 206, 223, 222, 670, 702, 703, 704
194, 206, 207, 224, 223, 673, 705, 706, 702
195, 207, 208, 225, 224, 675, 707, 708, 705
196, 208, 209, 226, 225, 677, 709, 710, 707
197, 209, 210, 227, 226, 679, 711, 712, 709
198, 210, 211, 228, 227, 681, 713, 714, 711
199, 211, 212, 229, 228, 683, 715, 716, 713
200, 212, 213, 230, 229, 685, 717, 718, 715
201, 213, 214, 231, 230, 687, 719, 720, 717
202, 214, 215, 232, 231, 689, 721, 722, 719
203, 215, 216, 233, 232, 691, 723, 724, 721
204, 216, 217, 234, 233, 693, 725, 726, 723
205, 217, 218, 235, 234, 695, 727, 728, 725
206, 218, 219, 236, 235, 697, 729, 730, 727
207, 219, 220, 237, 236, 699, 731, 732, 729
208, 220, 221, 238, 237, 701, 733, 734, 731
209, 222, 223, 240, 239, 703, 735, 736, 737
210, 223, 224, 241, 240, 706, 738, 739, 735
211, 224, 225, 242, 241, 708, 740, 741, 738
212, 225, 226, 243, 242, 710, 742, 743, 740
213, 226, 227, 244, 243, 712, 744, 745, 742
214, 227, 228, 245, 244, 714, 746, 747, 744
215, 228, 229, 246, 245, 716, 748, 749, 746
216, 229, 230, 247, 246, 718, 750, 751, 748
217, 230, 231, 248, 247, 720, 752, 753, 750
218, 231, 232, 249, 248, 722, 754, 755, 752
219, 232, 233, 250, 249, 724, 756, 757, 754
220, 233, 234, 251, 250, 726, 758, 759, 756
221, 234, 235, 252, 251, 728, 760, 761, 758
222, 235, 236, 253, 252, 730, 762, 763, 760
223, 236, 237, 254, 253, 732, 764, 765, 762
224, 237, 238, 255, 254, 734, 766, 767, 764
225, 239, 240, 257, 256, 736, 768, 769, 770
226, 240, 241, 258, 257, 739, 771, 772, 768
227, 241, 242, 259, 258, 741, 773, 774, 771
228, 242, 243, 260, 259, 743, 775, 776, 773
229, 243, 244, 261, 260, 745, 777, 778, 775
230, 244, 245, 262, 261, 747, 779, 780, 777
231, 245, 246, 263, 262, 749, 781, 782, 779
232, 246, 247, 264, 263, 751, 783, 784, 781
233, 247, 248, 265, 264, 753, 785, 786, 783
234, 248, 249, 266, 265, 755, 787, 788, 785
235, 249, 250, 267, 266, 757, 789, 790, 787
236, 250, 251, 268, 267, 759, 791, 792, 789
237, 251, 252, 269, 268, 761, 793, 794, 791
238, 252, 253, 270, 269, 763, 795, 796, 793
239, 253, 254, 271, 270, 765, 797, 798, 795
240, 254, 255, 272, 271, 767, 799, 800, 797
241, 256, 257, 274, 273, 769, 801, 802, 803
242, 257, 258, 275, 274, 772, 804, 805, 801
243, 258, 259, 276, 275, 774, 806, 807, 804
244, 259, 260, 277, 276, 776, 808, 809, 806
245, 260, 261, 278, 277, 778, 810, 811, 808
246, 261, 262, 279, 278, 780, 812, 813, 810
247, 262, 263, 280, 279, 782, 814, 815, 812
248, 263, 264, 281, 280, 784, 816, 817, 814
249, 264, 265, 282, 281, 786, 818, 819, 816
250, 265, 266, 283, 282, 788, 820, 821, 818
251, 266, 267, 284, 283, 790, 822, 823, 820
252, 267, 268, 285, 284, 792, 824, 825, 822
253, 268, 269, 286, 285, 794, 826, 827, 824
254, 269, 270, 287, 286, 796, 828, 829, 826
255, 270, 271, 288, 287, 798, 830, 831, 828
256, 271, 272, 289, 288, 800, 832, 833, 830
